Parameter_C	L1	L2	L3
-1.75965	0.0024471734257967065	-3.942974470722317e-05	-0.6955549242410348
-1.7596491	0.0023273890120258855	-9.823410612882987e-05	-0.6953763354658423
-1.7596482	0.0023747270629449336	-4.373771302065946e-05	-0.6954781699098695
-1.7596473	0.002332579159579609	4.205861654057264e-05	-0.6955218183360655
-1.7596464	0.0021695030364764817	-7.973993599510009e-05	-0.6952369436604267
-1.7596455	0.002232481087652671	2.4836894549294998e-05	-0.6954044985421473
-1.7596446	0.001787861739506282	-2.5870601495996424e-05	-0.6949091716979556
-1.7596437	0.001480990895029923	9.147254282512766e-06	-0.6946373187092577
-1.7596428	0.0016804835260791533	-0.00016394697806515978	-0.6946637171079594
-1.7596419	0.0015109944137242646	-1.280373270467065e-05	-0.6946453712409649
-1.759641	0.002196902360178236	-7.456553418068195e-05	-0.6952695173859429
-1.7596401	0.002277529855937275	-0.00027315452597863874	-0.695151555889904
-1.7596392	0.0019312144073402179	-5.919304622176402e-05	-0.6950192019210637
-1.7596383	0.0019635521381407514	-0.00011405896314229577	-0.6949966737349438
-1.7596374	0.002201095656362481	3.7754147026723896e-05	-0.6953860303633345
-1.7596365	0.0017013672814931644	-0.00026153106437063514	-0.6945870167770678
-1.7596356	0.0016760408628387902	-8.679654656484574e-05	-0.6947364248762192
-1.7596347	0.002043385002489019	-2.1987385113953116e-05	-0.6951685781773204
-1.7596338	0.002414849059258266	-6.125386093833346e-05	-0.6955007757582653
-1.7596329	0.0017041217722097636	-2.2709796559918075e-05	-0.6948285925355951
-1.759632	0.0018763812146139805	-0.0003375911121738982	-0.6946859706623854
-1.7596311	0.0015594560286065168	-7.324458374213982e-05	-0.6946333920048097
-1.7596302	0.001943538440299682	-0.00016801641843491942	-0.69492270258181
-1.7596293	0.0020630199018924354	2.4971129111540356e-05	-0.6952351715909493
-1.7596284	0.001620109916865096	-0.00016566410930951719	-0.6946016263675009
-1.7596275	0.0022697677881011666	-1.3578672593447506e-05	-0.695403369675453
-1.7596266	0.0021322314250412236	-0.00020696685141429087	-0.6950724451335722
-1.7596257	0.001555176163438186	4.036586332193183e-06	-0.6947063933097157
-1.7596248	0.0016208775929176863	1.8122462756195322e-05	-0.6947861806156191
-1.7596239	0.0017071667032250327	-6.686338800729724e-05	-0.6947874838751631
-1.759623	0.002015975098927304	3.3459492045675986e-05	-0.6951966151509182
-1.7596221	0.0017357499088107157	6.1020350205953126e-05	-0.694943950818962
-1.7596212	0.001922785237217584	8.752441731960271e-05	-0.6951574902144825
-1.7596203	0.0012616602920642898	6.503580104628147e-05	-0.6944738766530559
-1.7596194	0.001402894391389345	0.00012502656193626112	-0.6946751015132709
-1.7596185	0.0015881775163087467	-6.373581965016104e-05	-0.694671622256604
-1.7596176	0.0014891345555585966	-0.00013416316235175937	-0.6945021519531521
-1.7596167	0.0015319387860920693	-0.00012013468798474457	-0.6945589846580527
-1.7596158	0.001967623778675856	-0.00030357131823349005	-0.6948112330203877
-1.7596149	0.0013489626416898245	-7.23587095891997e-05	-0.694423784492046
-1.759614	0.0014578370062076143	-6.673086409728825e-05	-0.6945382867020556
-1.7596131	0.0012743775492470909	-0.00018803257895872022	-0.6942335255302337
-1.7596122	0.0010831470478072326	-0.00045395122009963515	-0.6937763763876529
-1.7596113	0.0016680192474820155	-5.0233801341657545e-05	-0.6947649660060856
-1.7596104	0.001568006137042569	8.919072872038134e-05	-0.6948043774257082
-1.7596095	0.0016120932757061933	-5.512583688326895e-05	-0.6947041479987682
-1.7596086	0.002036397578502972	-6.453584096392117e-05	-0.6951190422974843
-1.7596077	0.0017147748453473191	3.533351000454114e-05	-0.6948972889152971
-1.7596068	0.001724398034946872	-2.1989729472684222e-05	-0.6948495888654195
-1.7596059	0.0019353158151315785	-0.00017084450604222025	-0.6949116518690347
-1.759605	0.0013140031169600423	-0.00019830302735767913	-0.6942628806495477
-1.7596041	0.0012196776092622855	1.5693869681889137e-05	-0.6943825520388894
-1.7596032	0.0013135990466786383	-0.00035062152926411476	-0.6941101580773599
-1.7596023	0.0018211899496810304	-0.00033905877948250805	-0.6946293117301439
-1.7596014	0.001200716960618797	-9.430051274480567e-05	-0.6942535970078193
-1.7596005	0.0009525668930043087	-5.74339392740462e-05	-0.6940423135136756
-1.7595996	0.0018009791553675527	-8.6247762315269e-06	-0.6949395349390813
-1.7595987	0.0014496237581467521	-0.00028418905516520987	-0.6943126152629269
-1.7595978	0.0012950717263709513	-7.876611673750025e-05	-0.6943634861695788
-1.7595969	0.001777465045690383	-0.00010269012922079225	-0.6948219554764149
-1.759596	0.0012436865861327933	-0.00017692547466154857	-0.6942139416714166
-1.7595951	0.0011655162140727007	1.0276540787637632e-05	-0.6943229733148056
-1.7595942	0.001007027662393361	-5.074806698734392e-05	-0.6941034601553513
-1.7595933	0.0009737614842854659	5.960928372488149e-06	-0.6941269029726033
-1.7595924	0.001375390238640267	-0.00014934203199990786	-0.6943732287665857
-1.7595915	0.001455602678767578	-0.0004412201512459368	-0.6941615630874669
-1.7595906	0.0011475441644132622	-0.00024754657585033835	-0.6940471781485082
-1.7595897	0.0009783696290059745	-0.0003739803664306662	-0.6937515698225206
-1.7595888	0.0016589935541721354	-0.0003258182582919945	-0.6944803558558255
-1.7595879	0.0013319477135322116	-0.00041312099600999725	-0.6940660072774675
-1.759587	0.001678795402868354	-9.114634999091437e-05	-0.6947348296128227
-1.7595861	0.001007314725339672	-0.00014360808147667766	-0.6940108872038083
-1.7595852	0.0012210698125860182	-0.0002064091474944787	-0.6941618412250369
-1.7595843	0.0012908702633565691	-0.00028293044426113887	-0.6941551203790407
-1.7595834	0.0011698948331970464	-0.0004990984517257132	-0.6938179769414167
-1.7595825	0.001087789737173668	-0.00013653930901999894	-0.694098430988099
-1.7595816	0.0012022834591562217	-2.52194401221876e-05	-0.6943242445789793
-1.7595807	0.001231274440531594	-0.00022912704088686616	-0.6941493279595901
-1.7595798	0.0017536598539923903	-0.00020713396708479175	-0.6946937064468529
-1.7595789	0.001675763612772646	-6.751041768594526e-05	-0.694755433755032
-1.759578	0.0012082897695676218	1.4269913155117495e-05	-0.6943697402426681
-1.7595771	0.0007806744208311296	-0.00037693745750724356	-0.6935509175232693
-1.7595762	0.001350813724719849	-0.00016242339039109204	-0.694335570894274
-1.7595753	0.0013389609147247063	-0.00017840986660683805	-0.6943077316080631
-1.7595744	0.001394628026011396	-6.449917725014831e-07	-0.6945411635941842
-1.7595735	0.0006263694649537272	-0.0005077934201337443	-0.6932657566047653
-1.7595726	0.0010791007763266702	-0.00011306371894254822	-0.6941132176173295
-1.7595717	0.000811797735346104	-0.00011209776894047856	-0.6938468805263509
-1.7595708	0.0008006414614602072	-0.0003484667871361036	-0.6935993552342694
-1.7595699	0.0007577096838985617	-0.0006089763861332653	-0.6932959138577106
-1.759569	0.0008407711052934395	-0.0006055665310881253	-0.6933823851341506
-1.7595681	0.0006625926167378688	-0.0007052168251020059	-0.6931045563515812
-1.7595672	0.0005476118945617215	-0.0009787445342705147	-0.6927160479202366
-1.7595663	0.0005533119501054517	-0.0006352577971109127	-0.6930652347129399
-1.7595654	0.0008617384384017522	-0.0007559262095313321	-0.6932529927888157
-1.7595645	0.0007345220356051564	-0.0006301212713433754	-0.6932515813242071
-1.7595636	0.0004955092817576194	-0.0007122849396471149	-0.6929304049020558
-1.7595627	0.0009496426438794343	-0.0009015348294070971	-0.6931952883744177
-1.7595618	0.0011217900588735028	-0.0004996475688688019	-0.69376932304995
-1.7595609	0.0007257572715041987	-0.00056158235665453	-0.693311355474795
-1.75956	0.0005133830453047016	-0.0005016322923244269	-0.6931589313129256
-1.7595591	0.0009587358995464448	-0.0007938776038425549	-0.6933120388556492
-1.7595582	0.0008463161384348306	-0.0005921853673853693	-0.6934013113309948
-1.7595573	0.0006248171201336678	-0.0008749225330006113	-0.6928970751470783
-1.7595564	0.00048438974886358936	-0.0007110944755768446	-0.6929204758332321
-1.7595555	0.000660737330500772	-0.000904055765463509	-0.6929038621249826
-1.7595546	0.0007129718633492288	-0.0014201587979657253	-0.6924399936253288
-1.7595537	0.00015846990334570786	-0.0009168581864120888	-0.6923887922768789
-1.7595528	0.0005416872613535652	-0.001129968350115693	-0.6925588994711832
-1.7595519	0.0005620595157775812	-0.0008881095520983987	-0.6928211305236245
-1.759551	0.0003223438479404273	-0.0008724227562046916	-0.6925971016516811
-1.7595501	0.0008841988369588516	-0.0009587490466775403	-0.6930726303502266
-1.7595492	0.0007687061104911502	-0.0013899896412564751	-0.69252589702918
-1.7595483	0.00034339067829449073	-0.0012939333289858205	-0.692196637909254
-1.7595474	0.0003511499156164304	-0.001124791316934472	-0.6923735391586273
-1.7595465	0.0002677765734960084	-0.0014362612343829613	-0.6919786958990584
-1.7595456	0.0004120719080360351	-0.001620439177467388	-0.691938813290514
-1.7595447	0.00033912801412461295	-0.002006899046276499	-0.6914794095277934
-1.7595438	0.00035188432686707205	-0.0016849352056218805	-0.6918141296811905
-1.7595429	0.0005578400884795457	-0.001878754891163847	-0.691826265757261
-1.759542	0.0009946312272273703	-0.0013594942736114436	-0.6927823175135612
-1.7595411	0.000459536819221915	-0.002088015720258429	-0.6915187016589088
-1.7595402	0.00060591569947168	-0.0021146697296480525	-0.6916384265297689
-1.7595393	0.0006032642872721782	-0.002293551772554217	-0.6914568930746633
-1.7595384	0.0007471694562571038	-0.0021811379866739622	-0.6917132120295284
-1.7595375	0.0003632682991306215	-0.0018810335647974203	-0.6916294152942786
-1.7595366	0.0005375275705979261	-0.0018310066230720478	-0.6918537015074712
-1.7595357	0.0006964275530487793	-0.0019209048094413603	-0.6919227033035528
-1.7595348	0.00042331664302231055	-0.0018300165523052465	-0.6917404806506624
-1.7595339	0.00029059223262321366	-0.0018654845842855589	-0.691572288208283
-1.759533	0.00021407568023970174	-0.001709947698448126	-0.6916513085417368
-1.7595321	0.0004101586971592822	-0.0016653733934047315	-0.6918919658636998
-1.7595312	0.0003912270104745703	-0.0016516225419739871	-0.6918867850284459
-1.7595303	0.0004193660816006028	-0.0017325658844157819	-0.6918339807571301
-1.7595294	0.0002922272443515475	-0.0016635300652410138	-0.6917758777390558
-1.7595285	0.0003315186357001789	-0.0018529068833604066	-0.691625792312285
-1.7595276	0.0006759255920924324	-0.0010684257847822431	-0.6927546803672555
-1.7595267	0.0004994059571633812	-0.0015353989944692594	-0.6921111875226393
-1.7595258	0.000724916491612551	-0.0016832636806117943	-0.692188833370946
-1.7595249	0.0006831071479127667	-0.0016190944068938372	-0.6922111933009643
-1.759524	0.00043799497446724163	-0.0013831743830777365	-0.6922020011513348
-1.7595231	0.00018065930181084713	-0.0013819456992785852	-0.6919458941624775
-1.7595222	0.00032646192484614016	-0.0017545781401191664	-0.6917190643446722
-1.7595213	0.00046004740828215146	-0.0012458324496854298	-0.692361395518542
-1.7595204	0.0004419876751132704	-0.0016599792752111035	-0.6919291889598475
-1.7595195	0.0003456100584860439	-0.0018023637669235633	-0.6916904268515078
-1.7595186	0.00024194906560115215	-0.0019889953903689662	-0.6914001342351775
-1.7595177	0.0003581432972783589	-0.0019750853074880937	-0.6915302385497355
-1.7595168	0.0006580741191784101	-0.0015604996841152385	-0.6922447549950085
-1.7595159	0.0005537229972992367	-0.0014065767675352258	-0.6922943267897093
-1.759515	0.00044618183421978264	-0.0014326859169769494	-0.6921606764771882
-1.7595141	0.000600058622124786	-0.0013677603276896675	-0.6923794788543804
-1.7595132	0.0004043726751768549	-0.001269027896127443	-0.6922825253389947
-1.7595123	0.0005457567689534773	-0.0011504415835773404	-0.6925424957453215
-1.7595114	0.0003481628536099389	-0.0011525987223805143	-0.6923427446911747
-1.7595105	0.00023218889564493762	-0.0012366362160745829	-0.6921427332395157
-1.7595096	0.0001618566911388768	-0.0011259783107750705	-0.6921830589403092
-1.7595087	0.00023952776520939722	-0.001145167716847958	-0.6922415406083068
-1.7595078	0.0004729721295909724	-0.0008550116403497068	-0.6927651410491865
-1.7595069	0.00012672759273570658	-0.0009320205754473098	-0.6923418875772337
-1.759506	0.0002141798392637165	-0.0007919633931809774	-0.692569397006028
-1.7595051	0.00024110598697977002	-0.0009681362312130152	-0.692420150315712
-1.7595042	0.00028753855791839654	-0.000651433021261154	-0.6927832860966026
-1.7595033	0.00040608579565775077	-0.0006771238758887824	-0.6928761424797143
-1.7595024	0.0003946282182809869	-0.0005212258021615704	-0.6930205829760647
-1.7595015	0.00028379709931215954	-0.0008036580685439215	-0.6926273195907136
-1.7595006	0.00020793230837740667	-0.0006072494347616899	-0.692747863433561
-1.7594997	1.3451798127296807e-05	-0.0007177338039923074	-0.6924428985540804
-1.7594988	0.00024410046002906107	-0.0005766073662580706	-0.6928146736537163
-1.7594979	0.00014404782407712114	-0.000863011482285532	-0.692428216901737
-1.759497	0.0005774353275606535	-0.000503178749378169	-0.6932214371381278
-1.7594961	0.00021418791998919216	-0.0006088131255995858	-0.6927525553543349
-1.7594952	0.00011777849024170226	-0.0010395985267729238	-0.6922253605234141
-1.7594943	-7.138579825517204e-05	-0.0008005166077096374	-0.6922752781539805
-1.7594934	9.448583307812027e-05	-0.000753766809889269	-0.6924878995831342
-1.7594925	0.00027095924973739134	-0.0005345478786902782	-0.6928835919309924
-1.7594916	0.00036992546176579005	-0.0006183132424845245	-0.6928987927792265
-1.7594907	0.0003229326852669946	-0.0006881334472781928	-0.6927819797979341
-1.7594898	0.0002966864195026212	-0.0005521650940344992	-0.6928917018854135
-1.7594889	0.00029821960179904843	-0.00024775070325085244	-0.6931976494584936
-1.759488	0.00033356639629089077	-0.0005236246212546895	-0.6929571223349815
-1.7594871	5.8569730680543734e-05	-0.0006322672544639045	-0.692573483036162
-1.7594862	0.0003465699678201685	-0.0003153648229238714	-0.6931783857048416
-1.7594853	0.0003611571122666124	-0.0007267190829213453	-0.6927816185892905
-1.7594844	6.238089151576218e-05	-0.0004941751985408185	-0.6927153862529203
-1.7594835	0.0002494432936671579	-0.00014037334564709916	-0.6932562505079654
-1.7594826	0.0004693881716540207	-0.0006794821125171628	-0.6929370866190822
-1.7594817	0.0006359124656740137	-0.00021431691633447318	-0.6935687761092848
-1.7594808	0.0001964913782231825	-0.000667877121763342	-0.6926757948164052
-1.7594799	9.63185845864427e-05	-0.0006806005693678009	-0.692562898575164
-1.759479	0.00015874213723576585	-0.00038301197595934215	-0.6929229107212217
-1.7594781	0.0001071004563162926	-0.00020236201113661527	-0.693051919005125
-1.7594772	0.0001796280060694132	-0.000472285729977584	-0.6928545228360371
-1.7594763	0.00031373858880767404	-0.00032068922281519574	-0.6931402299259378
-1.7594754	8.905893498823095e-05	-0.0006063653953989025	-0.6926298740995346
-1.7594745	3.855308473647393e-05	-0.0011929574463945666	-0.6919927761982871
-1.7594736	0.00013001148200543627	-0.0007217270024245729	-0.6925554650395263
-1.7594727	0.00013336529537280383	-0.0009296098564969489	-0.6923509359988211
-1.7594718	0.00011032428723653523	-0.0007857646088852644	-0.6924717402382965
-1.7594709	-2.105566051472707e-05	-0.0005526482035437551	-0.6925734766958869
-1.75947	3.160778332032229e-05	-0.0007370180387734572	-0.6924417703044922
-1.7594691	0.00013135545932322487	-0.0009300100303478464	-0.6923485259889207
-1.7594682	0.00014530512091249348	-0.0008599052985637438	-0.692432580382294
-1.7594673	0.00025110987692303176	-0.0008710140270649834	-0.6925272764098034
-1.7594664	0.00011506287282498648	-0.0010090798749885705	-0.6922531635577817
-1.7594655	9.632911484944772e-05	-0.0006150149029007108	-0.692628494771894
-1.7594646	-8.224044780567219e-07	-0.0010536751543963041	-0.692092683001071
-1.7594637	2.475510636849091e-05	-0.0010391566158543947	-0.6921327790504593
-1.7594628	-8.146468692371797e-06	-0.0009016654650634631	-0.6922373686261895
-1.7594619	-6.423125924539707e-05	-0.001133021347383618	-0.6919499279533163
-1.759461	3.624737330487484e-06	-0.0011525789558891031	-0.6919982263413866
-1.7594601	-2.781347638021383e-05	-0.0013809853665265482	-0.6917383817170385
-1.7594592	0.0002236014927959668	-0.0013457479613238439	-0.6920250340914175
-1.7594583	3.09662086829481e-05	-0.001334330986100284	-0.691843815782528
-1.7594574	9.498551470040414e-06	-0.001414904420644378	-0.6917417746907709
-1.7594565	-6.991284666379416e-05	-0.0015032700648904306	-0.6915739976483911
-1.7594556	-1.1782516164969973e-05	-0.0014807245197171921	-0.6916546735240631
-1.7594547	6.094570425058905e-08	-0.0018709848299400655	-0.6912762566757095
-1.7594538	4.396833390608113e-05	-0.001576939769082514	-0.6916142091247689
-1.7594529	6.085913799920001e-05	-0.001772907937013184	-0.6914351317609313
-1.759452	1.7767667147395817e-05	-0.001695806256258749	-0.691469141970834
-1.7594511	4.6664492074597824e-05	-0.0017730778199089936	-0.6914207672321109
-1.7594502	-4.0020998808979846e-05	-0.0015143564619696202	-0.6915928030991667
-1.7594493	-4.2883296756903985e-05	-0.0015762694478810386	-0.6915280278153073
-1.7594484	-6.905871954964995e-05	-0.0016019065170910982	-0.6914762153233046
-1.7594475	2.0575573872030827e-05	-0.0017065094697980537	-0.6914612466640193
-1.7594466	2.1723059637669777e-05	-0.0013845610478218908	-0.6917843425717611
-1.7594457	9.980153600461285e-05	-0.0016028301816020237	-0.6916441519143479
-1.7594448	3.576402751775407e-05	-0.0015298201510462728	-0.6916531244364168
-1.7594439	0.00014443460127329147	-0.0017937059962319136	-0.6914979091649867
-1.759443	7.27514276868171e-05	-0.0015755086714064255	-0.6916444233162257
-1.7594421	4.909059189489704e-06	-0.0018394835212570495	-0.6913126060978777
-1.7594412	0.0001263747245090812	-0.001798543948377374	-0.691475011336077
-1.7594403	7.140068528835577e-05	-0.0018681244895311572	-0.6913504567557025
-1.7594394	0.00012092906334825799	-0.002046852647116989	-0.6912212569761765
-1.7594385	1.2359311724855282e-05	-0.0019982691675692883	-0.6911612707041008
-1.7594376	5.141618800371088e-05	-0.0018993991401916328	-0.6912991976077574
-1.7594367	5.425989942195781e-05	-0.0018126842809367734	-0.6913887561784305
-1.7594358	1.9213121040464626e-05	-0.0020625293558155892	-0.6911038643251702
-1.7594349	0.00013071604984223915	-0.0019831397923766535	-0.6912947568174109
-1.759434	7.092076518551435e-05	-0.002274415471152491	-0.6909436858539784
-1.7594331	6.252657345403268e-05	-0.0025719291835079676	-0.6906377779498913
-1.7594322	4.572857154247304e-05	-0.002518232175300821	-0.6906746769561869
-1.7594313	2.9185787995799844e-06	-0.0024030278893977866	-0.6907470712493471
-1.7594304	4.6535958838825e-05	-0.002561284406267004	-0.6906324321125171
-1.7594295	-2.332761478733796e-05	-0.0023887933782179125	-0.69073505956694
-1.7594286	6.234685592492561e-07	-0.0024612214071524753	-0.6906865826213521
-1.7594277	-2.278819340840395e-07	-0.0026636475289516623	-0.6904833051490595
-1.7594268	-6.249275365610486e-06	-0.0025469708782663927	-0.6905939604063133
-1.7594259	-8.835720271518799e-06	-0.0024068315040357315	-0.6907315133356381
-1.759425	-1.1599774121161115e-05	-0.0023582297038052856	-0.6907773510820189
-1.7594241	-1.6645335066887926e-05	-0.002275471709399882	-0.6908550635154785
-1.7594232	-2.1111322194866607e-05	-0.0017656744799122023	-0.6913603947578382
-1.7594223	-1.9560355332543685e-05	-0.0016033465277160593	-0.6915242736768967
-1.7594214	-1.2631346254460032e-05	-0.001475305588094568	-0.6916592436255963
-1.7594205	-5.592074539562594e-06	-0.0009902265588107942	-0.692151361926595
-1.7594196	3.5412502909284936e-06	-0.0007227469133523447	-0.6924279748968839
-1.7594187	-2.8031921347937505e-05	-0.0003506679847386646	-0.6927684806538587
-1.7594178	-2.1560303475819212e-05	-0.00041510228148953707	-0.69271051797498
-1.7594169	-8.391284901488121e-06	-0.0005613467768951985	-0.6925774424981487
-1.759416	1.4440081602132455e-05	-0.0008303768502252228	-0.6923312437913223
-1.7594151	2.1604330205879548e-05	-0.0007591039652267877	-0.6924096809249245
-1.7594142	0.00014352944908483438	-9.204915403681606e-05	-0.6931986608549933
-1.7594133	-3.981213798294365e-05	-0.0005711253854318015	-0.6925362430365305
-1.7594124	-1.2760655344266899e-05	-0.0006497991799784677	-0.6924846207246226
-1.7594115	-8.731751129991925e-06	-0.00048329993420728696	-0.692655148874608
-1.7594106	-5.631495100550083e-06	-0.0003586744778281555	-0.6927828745870166
-1.7594097	-1.7195761915602769e-06	-0.0004744498084574813	-0.6926710111752963
-1.7594088	3.346435287581863e-06	-0.0004993631092048133	-0.6926511638860281
-1.7594079	7.334426249230834e-06	-0.0005993312162996518	-0.6925551837698949
-1.759407	8.53751795017808e-06	-0.0007862490365819793	-0.6923694690413135
-1.7594061	8.603535427652421e-06	-0.0010545804468580326	-0.6921012036485149
-1.7594052	8.16425046548886e-06	-0.0015006637470265443	-0.6916546810633842
-1.7594043	7.4893679401409615e-06	-0.0018609962498344285	-0.691293673678051
-1.7594034	6.690658746729114e-06	-0.0021618022516486602	-0.6909920689670433
-1.7594025	5.7933371921579355e-06	-0.002240122875842441	-0.6909128510212951
-1.7594016	4.808578672129514e-06	-0.0022598118001598633	-0.6908921773384576
-1.7594007	3.784563094953238e-06	-0.0022081702881944615	-0.6909427948348458
-1.7593998	2.8187938814713943e-06	-0.002193092361345559	-0.6909569069924812
-1.7593989	2.017562810351848e-06	-0.002107334713243453	-0.6910418634095121
-1.759398	1.4310864162183041e-06	-0.0020666154148127358	-0.6910819962315489
-1.7593971	1.046226472418436e-06	-0.0019594097251660037	-0.6911888170612518
-1.7593962	8.287423522561433e-07	-0.0019244950239843408	-0.6912235142783132
-1.7593953	7.487847587918091e-07	-0.001942095140711725	-0.6912058342039924
-1.7593944	7.853004005115144e-07	-0.0018350928772088088	-0.691312872983137
-1.7593935	9.250542233860864e-07	-0.0018446364852414995	-0.6913034691289273
-1.7593926	1.1600838093735067e-06	-0.0018817285959199332	-0.6912666120478348
-1.7593917	1.4831874851590225e-06	-0.0019386913488790253	-0.6912099723985514
-1.7593908	1.8790319685754495e-06	-0.001853354094003941	-0.69129570549791
-1.7593899	2.311855604967688e-06	-0.0019003183329181009	-0.6912491740826322
-1.759389	2.7233996244853642e-06	-0.001845973375327178	-0.6913039305842426
-1.7593881	3.0548361946549832e-06	-0.0018786114951489165	-0.6912716239009911
-1.7593872	3.273990603811818e-06	-0.0018888871589872616	-0.6912615673915619
-1.7593863	3.379628282790309e-06	-0.0019327393876103565	-0.6912178208006178
-1.7593854	3.388611872171836e-06	-0.00206507058447112	-0.6910854985873464
-1.7593845	3.3241255302140106e-06	-0.0020434631684171276	-0.6911070415170584
-1.7593836	3.2093506440267673e-06	-0.0020971121900522516	-0.6910532777205372
-1.7593827	3.064159708879006e-06	-0.0020789071234615505	-0.6910713375961927
-1.7593818	2.903732602441406e-06	-0.0021180966642641527	-0.6910319876282836
-1.7593809	2.738893967831896e-06	-0.0021501887470548047	-0.6909997307068584
-1.75938	2.577654583493127e-06	-0.0020855395958634033	-0.6910642186186654
-1.7593791	2.4270853123916156e-06	-0.002161870332682056	-0.6909877373125757
-1.7593782	2.294481736500446e-06	-0.002077928912739405	-0.6910715461289424
-1.7593773	2.1871135319631792e-06	-0.0021621735947538823	-0.6909871940787234
-1.7593764	2.1108733308924322e-06	-0.002152347778695132	-0.6909969436545811
-1.7593755	2.0690770562284884e-06	-0.0020740811153261885	-0.6910751685216753
-1.7593746	2.062392119461798e-06	-0.0020337020888351915	-0.6911155408632296
-1.7593737	2.089649324417942e-06	-0.0020685132949544997	-0.6910807569143153
-1.7593728	2.1486225325502356e-06	-0.0020785281398923248	-0.6910708010425856
-1.7593719	2.2362533289909224e-06	-0.0020985107797671736	-0.6910509060335072
-1.759371	2.3484182891305905e-06	-0.002129058306257833	-0.6910204706719766
-1.7593701	2.4795702953422427e-06	-0.002191860373867825	-0.6909577997563728
-1.7593692	2.6225753618407835e-06	-0.002127316610663479	-0.6910224865246437
-1.7593683	2.7689802478045027e-06	-0.002192875099057364	-0.6909570744411357
-1.7593674	2.9096838972106946e-06	-0.0021609648965730563	-0.6909891253472694
-1.7593665	3.0355580746812533e-06	-0.002192116459092778	-0.6909580996589272
-1.7593656	3.137285366865124e-06	-0.002518384780543036	-0.6906319330647691
-1.7593647	3.2038551884900573e-06	-0.002331597211681927	-0.6908187872034518
-1.7593638	3.219670255519122e-06	-0.0022431168559280726	-0.6909072833742728
-1.7593629	3.1606918505636724e-06	-0.002288720143117822	-0.6908616211086781
-1.759362	2.990365688129969e-06	-0.0023521090458556225	-0.6907980618797779
-1.7593611	2.6564421454924556e-06	-0.0023351420070923785	-0.6908146949949985
-1.7593602	2.0903197693066066e-06	-0.0024548613766084905	-0.6906944095031061
-1.7593593	1.210427005003671e-06	-0.0023602917850009545	-0.6907880992019494
-1.7593584	-7.268502450576102e-08	-0.0024336901705322967	-0.6907134177043885
-1.7593575	-1.8685691390705726e-06	-0.002382371704841415	-0.6907629402859649
-1.7593566	-4.404323453132805e-06	-0.0025356230171700396	-0.6906071532193222
-1.7593557	-8.386295201972392e-06	-0.002442204377199733	-0.6906965898875437
-1.7593548	-1.6200367559623028e-05	-0.0023792650980329314	-0.6907517150943527
-1.7593539	-3.9743981443299815e-05	-0.002491077896420985	-0.690616358682081
-1.759353	-3.108730299819483e-05	-0.002422534486720524	-0.6906935587702265
-1.7593521	1.538354071631478e-06	-0.0022731763889409402	-0.690875542525076
-1.7593512	4.9761196482680474e-05	-0.0022421611416278543	-0.6909547806148001
-1.7593503	5.515077106791792e-05	-0.002258524132311783	-0.6909438071987014
-1.7593494	3.7250490498234325e-05	-0.002373955320482231	-0.6908104757299613
-1.7593485	2.8281056382700943e-05	-0.0023657684407818957	-0.6908096931755461
-1.7593476	2.3848608053302864e-05	-0.0024140446658111325	-0.6907569845021875
-1.7593467	2.1451568022853605e-05	-0.002455873297299507	-0.6907127588306687
-1.7593458	2.011188224668819e-05	-0.0023971853498846894	-0.6907701070923072
-1.7593449	1.926081068965591e-05	-0.002368477445562765	-0.6907979639250722
-1.759344	1.8620776719587642e-05	-0.0024149934513216205	-0.6907508078853433
-1.7593431	1.808471298666264e-05	-0.0025754100901499476	-0.690589855182782
-1.7593422	1.761675300780706e-05	-0.002601361517685582	-0.6905634357952676
-1.7593413	1.7205320841590548e-05	-0.0025841491475487115	-0.6905802367332382
-1.7593404	1.6845814643473277e-05	-0.00266205222276608	-0.6905019741518227
-1.7593395	1.6535109777222008e-05	-0.0027088897531352724	-0.6904548259165872
-1.7593386	1.627008817701733e-05	-0.002664314818287798	-0.6904991358298346
-1.7593377	1.604738214337584e-05	-0.002644663554817185	-0.6905185643872714
-1.7593368	1.5863426636786406e-05	-0.002672094671194236	-0.6904909493153879
-1.7593359	1.571456038821432e-05	-0.002772381168596269	-0.6903905139517372
-1.759335	1.55971148842043e-05	-0.0027090786305153484	-0.6904536990443142
-1.7593341	1.550748366422116e-05	-0.002621441819480556	-0.6905412462241289
-1.7593332	1.54421752844593e-05	-0.002633299457067224	-0.6905293232781625
-1.7593323	1.539785394879331e-05	-0.0027829931311224142	-0.6903795852827717
-1.7593314	1.537137083170029e-05	-0.002802216241401254	-0.6903603356893757
-1.7593305	1.535978814052649e-05	-0.0027706804003683055	-0.6903918599477176
-1.7593296	1.5360397134077616e-05	-0.002797261612872557	-0.6903652793442068
-1.7593287	1.5370730795948963e-05	-0.0027911588543098943	-0.6903713924364314
-1.7593278	1.538857181389675e-05	-0.002831612778352758	-0.6903309563534065
-1.7593269	1.5411956804205312e-05	-0.002771259108154823	-0.6903913334085947
-1.759326	1.5439177928679246e-05	-0.0028602323357206933	-0.6903023874021533
-1.7593251	1.5468782811193676e-05	-0.0028573106412064157	-0.6903053387015501
-1.7593242	1.5499572928999238e-05	-0.0028993335301672734	-0.690263346602707
-1.7593233	1.5530599723077272e-05	-0.0029254944289015816	-0.6902372167307668
-1.7593224	1.5561156944358377e-05	-0.002999489071719118	-0.6901632526451705
-1.7593215	1.5590767514137577e-05	-0.003028944012770639	-0.6901338273146889
-1.7593206	1.561916351406223e-05	-0.0031456395120307732	-0.6900171602114287
-1.7593197	1.564625876440491e-05	-0.003149955926049054	-0.6900128708926606
-1.7593188	1.56721146367998e-05	-0.003112174438661961	-0.6900506782359201
-1.7593179	1.5696901045261366e-05	-0.0030710714398093837	-0.6900918060211811
-1.759317	1.5720855667124932e-05	-0.003171797172830484	-0.689991104242782
-1.7593161	1.5744245045866408e-05	-0.0033082979712967444	-0.6898546268336945
-1.7593152	1.5767331091897727e-05	-0.0032243042499951894	-0.6899386436410421
-1.7593143	1.5790345602156955e-05	-0.0032022115083263874	-0.6899607593972211
-1.7593134	1.581347399548403e-05	-0.0032355785783275194	-0.6899274154556133
-1.7593125	1.5836847925329856e-05	-0.0032052992813288664	-0.6899577181265417
-1.7593116	1.58605452217343e-05	-0.0032374855788597106	-0.6899255555263073
-1.7593107	1.5884595008801235e-05	-0.0033138970300379076	-0.6898491681249161
-1.7593098	1.590898586415425e-05	-0.0033989606606147486	-0.6897641288851947
-1.7593089	1.5933675333534793e-05	-0.003249618070500368	-0.6899134961647785
-1.759308	1.5958599698288738e-05	-0.0028519508067911623	-0.6903111883528524
-1.7593071	1.5983683382559575e-05	-0.0026540973100019566	-0.6905090669333259
-1.7593062	1.6008847679481272e-05	-0.0025040147164768264	-0.690659174691148
-1.7593053	1.603401859152926e-05	-0.002378955709808733	-0.6907842588687281
-1.7593044	1.605913359652158e-05	-0.0022699863349237666	-0.6908932533586181
-1.7593035	1.6084147139811932e-05	-0.002172489335461831	-0.6909907753716232
-1.7593026	1.6109034655389812e-05	-0.002083708761798192	-0.6910795808328025
-1.7593017	1.6133794948012236e-05	-0.00200184699869433	-0.691161467356199
-1.7593008	1.6158450829103135e-05	-0.0019256550033139776	-0.6912376840074604
-1.7592999	1.6183047993333744e-05	-0.001854220513791405	-0.6913091430941473
-1.759299	1.620765224892381e-05	-0.0017868496154812823	-0.691376538596713
-1.7592981	1.623234536116597e-05	-0.0017229966607798255	-0.6914404162445267
-1.7592972	1.625721991206435e-05	-0.0016622206545450042	-0.6915012171253124
-1.7592963	1.628237368901513e-05	-0.0016041569388008017	-0.6915593059948335
-1.7592954	1.6307904164251118e-05	-0.0015484983347209163	-0.6916149901293887
-1.7592945	1.633390359825344e-05	-0.0014949824865801867	-0.6916685319769634
-1.7592936	1.6360455196314347e-05	-0.001443383374428726	-0.6917201576407128
-1.7592927	1.6387630588144548e-05	-0.0013935055757079956	-0.6917700626148254
-1.7592918	1.6415488719033627e-05	-0.0013451802295157591	-0.6918184158191486
-1.7592909	1.6444076073840997e-05	-0.0012982619426670566	-0.6918653626933521
-1.75929	1.647342803055889e-05	-0.0012526261261500537	-0.6919110278618258
-1.7592891	1.6503571071663985e-05	-0.0012081664722421235	-0.6919555176587748
-1.7592882	1.653452556559924e-05	-0.0011647924639595528	-0.6919989226215514
-1.7592873	1.656630885208682e-05	-0.0011224269331505563	-0.6920413199356469
-1.7592864	1.6598938404088674e-05	-0.0010810037455630075	-0.6920827757527864
-1.7592855	1.663243488011155e-05	-0.001040465701096571	-0.6921233472937288
-1.7592846	1.6666824914870132e-05	-0.0010007627161746164	-0.6921630846686856
-1.7592837	1.670214352343038e-05	-0.0009618503235550632	-0.6922020323799137
-1.7592828	1.673843601797542e-05	-0.0009236884962151938	-0.692240230499748
-1.7592819	1.677575936244711e-05	-0.0008862407809789841	-0.6922777155383288
-1.759281	1.681418292200098e-05	-0.0008494737137723439	-0.692314521029095
-1.7592801	1.685378860213927e-05	-0.0008133564795821887	-0.6923506778689653
-1.7592792	1.6894670414592603e-05	-0.0007778607746220453	-0.6923862144557379
-1.7592783	1.6936933549699752e-05	-0.0007429608252160477	-0.692421156668279
-1.7592774	1.698069307340023e-05	-0.0007086335177285153	-0.6924555277352902
-1.7592765	1.702607239604314e-05	-0.0006748585971230014	-0.6924893480352183
-1.7592756	1.7073201675708987e-05	-0.0006416188989898467	-0.6925226348626312
-1.7592747	1.7122216317828755e-05	-0.0006089005912224108	-0.6925554021850406
-1.7592738	1.717325571498788e-05	-0.0005766934164170516	-0.6925876603992432
-1.7592729	1.722646233780961e-05	-0.0005449909435705878	-0.6926194160787125
-1.759272	1.728198124344766e-05	-0.0005137908569288297	-0.69265067168426
-1.7592711	1.7339960016044692e-05	-0.00048309533095913446	-0.6926814251890021
-1.7592702	1.7400549092287636e-05	-0.0004529115651409549	-0.6927116695438966
-1.7592693	1.7463902337498e-05	-0.000423252584958508	-0.6927413918773243
-1.7592684	1.753017755961469e-05	-0.00039413846435299305	-0.6927705722731519
-1.7592675	1.759953618639092e-05	-0.00036559820407443093	-0.6927991818920572
-1.7592666	1.767214003903996e-05	-0.00033767263322547955	-0.6928271800667588
-1.7592657	1.7748139548835795e-05	-0.00031041892428164934	-0.6928545097752126
-1.7592648	1.782763818513214e-05	-0.0002839176734605554	-0.6928810905246698
-1.7592639	1.7910593784596456e-05	-0.0002582840310392892	-0.6929068071226906
-1.759263	1.7996562336698892e-05	-0.0002336849649789053	-0.6929314921573031
-1.7592621	1.8084082754604223e-05	-0.00021036478468771795	-0.6929548998580122
-1.7592612	1.816936035092264e-05	-0.0001886785286170405	-0.6929766713916792
-1.7592603	1.8243948442883914e-05	-0.0001691232779987184	-0.6929963012303895
-1.7592594	1.829202728665222e-05	-0.00015233625706770904	-0.6930131363301643
-1.7592585	1.829031342317697e-05	-0.0001390057999331628	-0.6930264650734353
-1.7592576	1.821528349695848e-05	-0.0001296653524417106	-0.6930357304910005
-1.7592567	1.8056493848805994e-05	-0.0001244569763914163	-0.6930407800774028
-1.7592558	1.782383911447113e-05	-0.00012305155664476286	-0.693041952842415
-1.7592549	1.7540342994659464e-05	-0.00012480140352164924	-0.6930399194994183
-1.759254	1.722914229708215e-05	-0.00012898511067220117	-0.6930354245915702
-1.7592531	1.6906305899974114e-05	-0.00013497672386799352	-0.6930291101419773
-1.7592522	1.6580627930340134e-05	-0.00014230050307296248	-0.6930214606848026
-1.7592513	1.6256102063738705e-05	-0.00015061758025200194	-0.693012819081757
-1.7592504	1.593419907674592e-05	-0.0001596920055675063	-0.6930034227534545
-1.7592495	1.5615259850869973e-05	-0.00016935908489212686	-0.6929934367349041
-1.7592486	1.529920172524676e-05	-0.00017950199756776146	-0.6929829777641028
-1.7592477	1.4985837636798181e-05	-0.0001900360224044277	-0.6929721303751777
-1.7592468	1.4675006326326438e-05	-0.00020089823725574356	-0.6929609573290159
-1.7592459	1.4366617786373293e-05	-0.00021204081790143867	-0.6929495063598302
-1.759245	1.4060663116547566e-05	-0.0002234266290237683	-0.6929378145940381
-1.7592441	1.3757210590843907e-05	-0.0002350262684591623	-0.692925911502077
-1.7592432	1.3456397123317633e-05	-0.00024681604215205123	-0.6929138209149166
-1.7592423	1.31584187426889e-05	-0.00025877654566694154	-0.692901562433021
-1.7592414	1.2863521312633561e-05	-0.00027089164950548655	-0.6928891524317524
-1.7592405	1.2571991781780922e-05	-0.00028314775952021883	-0.6928766047922069
-1.7592396	1.2284149913138811e-05	-0.0002955332692398411	-0.6928639314406185
-1.7592387	1.2000340368142806e-05	-0.00030803814925816795	-0.6928511427510553
-1.7592378	1.1720925046135225e-05	-0.0003206536367140164	-0.6928382478482774
-1.7592369	1.1446275635661168e-05	-0.00033337199930520315	-0.6928252548362758
-1.759236	1.1176766389836056e-05	-0.0003461863556524657	-0.6928121709706827
-1.7592351	1.0912767182792967e-05	-0.00035909053864604043	-0.692799002788482
-1.7592342	1.0654636934587548e-05	-0.00037207899160472555	-0.6927857562052752
-1.7592333	1.040271750812693e-05	-0.00038514668925536627	-0.6927724365881981
-1.7592324	1.0157328185282354e-05	-0.0003982890770907525	-0.6927590488110398
-1.7592315	9.918760822408262e-06	-0.000411502023840403	-0.6927455972969273
-1.7592306	9.687275770210121e-06	-0.00042478178275382806	-0.6927320860529617
-1.7592297	9.463098621453764e-06	-0.00043812495824732613	-0.6927185187003194
-1.7592288	9.246417824501219e-06	-0.0004515284752550388	-0.6927048985025148
-1.7592279	9.03738317309892e-06	-0.0004649895493724966	-0.692691228393746
-1.759227	8.836105155091543e-06	-0.00047850565658431665	-0.692677511008516
-1.7592261	8.642655116440194e-06	-0.0004920745020122794	-0.6926637487130495
-1.7592252	8.457066173476967e-06	-0.0005056939876851417	-0.6926499436384336
-1.7592243	8.279334786809105e-06	-0.0005193621797963479	-0.6926360977149357
-1.7592234	8.109422895440649e-06	-0.0005330772762630898	-0.6926222127065776
-1.7592225	7.947260499912967e-06	-0.000546837575618957	-0.6926082902448263
-1.7592216	7.792748578666106e-06	-0.0005606414483593753	-0.6925943318601646
-1.7592207	7.645762222198565e-06	-0.0005744873118188074	-0.6925803390103487
-1.7592198	7.506153874532202e-06	-0.0005883736095037715	-0.692566313104316
-1.7592189	7.373756580371928e-06	-0.0006022987955556815	-0.69255225552097
-1.759218	7.248387148458878e-06	-0.000616261324697919	-0.6925381676223958
-1.7592171	7.129849156137704e-06	-0.0006302596476626424	-0.6925240507614387
-1.7592162	7.017935736233354e-06	-0.0006442922117276529	-0.6925099062839539
-1.7592153	6.912432104087522e-06	-0.000658357465655853	-0.6924957355263935
-1.7592144	6.813117799188504e-06	-0.0006724538680511127	-0.6924815398096934
-1.7592135	6.719768631448727e-06	-0.0006865798979516442	-0.6924673204306251
-1.7592126	6.632158336146904e-06	-0.000700734066394635	-0.6924530786518869
-1.7592117	6.5500599532994084e-06	-0.0007149149277134855	-0.6924388156921851
-1.7592108	6.473246956370967e-06	-0.0007291210894697916	-0.6924245327174319
-1.7592099	6.4014941615845916e-06	-0.0007433512201628537	-0.692410230833944
-1.759209	6.3345784526503625e-06	-0.0007576040541760499	-0.6923959110842219
-1.7592081	6.272279356692126e-06	-0.0007718783937796037	-0.6923815744455224
-1.7592072	6.214379505851266e-06	-0.0007861731083759489	-0.6923672218310752
-1.7592063	6.1606650159300566e-06	-0.0008004871315088339	-0.6923528540934524
-1.7592054	6.1109258089934534e-06	-0.0008148194564254925	-0.6923384720293287
-1.7592045	6.064955901562905e-06	-0.0008291691311544339	-0.6923240763846924
-1.7592036	6.022553674349856e-06	-0.0008435352541213334	-0.6923096678594983
-1.7592027	5.983522133765966e-06	-0.0008579169712655049	-0.6922952471108136
-1.7592018	5.9476691700171435e-06	-0.0008723134754453345	-0.69228081475367
-1.7592009	5.914807811685275e-06	-0.000886724008650537	-0.6922663713591064
